#Para 10%
# X (Moon Separation [R_p]), Y (M_p/M_ear)
2.024755878970485, 0.7175673046653718
2.206842704721545, 0.703589212843359
2.337242922117709, 0.657564560334844
2.415188216855979, 0.6087380824329393
2.4753483632076994, 0.5856780979587577
2.600201586973874, 0.6055958385146066
2.776522996462574, 0.6261404063121586
2.9892160997164856, 0.656769001756821
3.0889042098927577, 0.6318640301716588
3.1919168436160095, 0.5963142160867099
3.366690173361323, 0.5466932292543081
3.5220292002059055, 0.5060687040738322
3.6694575011768378, 0.47300284972909185
3.8862822231453316, 0.44419416340798507
4.149813621129494, 0.4171232649018445
4.431215259548043, 0.39359161950727356
4.616701097346731, 0.3714324538470621
4.790267614397162, 0.3471705571800317
4.929762687936548, 0.3308132585178003
5.052558602025424, 0.31523301107083795
5.2856835692481265, 0.2946301617923217
5.575101045528948, 0.2780256862641234
5.977614311001437, 0.2636012422585264
6.356839624085705, 0.25114085763527855
6.787901172554667, 0.23357653419934166
7.248193293062041, 0.22039951762472038
7.676482078267495, 0.20998550769512342
8.19702946456846, 0.20005549301240236
8.75287551744899, 0.1905950592673443
9.423381851656655, 0.17471748032324783
9.777657238418916, 0.16019167417929459
10.228798175667523, 0.14546089963092093
10.569920906674987, 0.13465991699006255
11.10305342239158, 0.12585633878829028
11.379620405527817, 0.11539977544586182
11.759122192922183, 0.10683093684722618
11.855958904363387, 0.10083264091043521
12.45395743743889, 0.09424056763883387
13.135873576388732, 0.08807768315362123
13.85512801707088, 0.08074849086188692
14.435088564579148, 0.07474961540641349
15.03932562806415, 0.06919640161403946
15.797888873481378, 0.06405315610671984
16.731370964930363, 0.059863176786298156
17.503356134231858, 0.055682074849236166
18.161401023180346, 0.05154644520591332
19.234540779165105, 0.04817458107646774
20.20470500317305, 0.04502510125111186
21.050451918065896, 0.04148006058974183
21.75246866763028, 0.03803222441080646
22.663003281427546, 0.03520677745693979
23.61165188107123, 0.03259123540905195
25.006841729349404, 0.030753870256881734
26.922468856072697, 0.02929836672079578
28.164671107247006, 0.027515587413519952
29.585259027848632, 0.02559326396550635
31.721266810290356, 0.02438249092813343
33.87230713838537, 0.02356724527087182
36.467065448981586, 0.023221031285437524
39.58390505749421, 0.022769148852360886
42.26811614626869, 0.021902197079076785
44.40006276106601, 0.020274245710222193
78.83304875212997, 0.02021705771509504
83.14955043416501, 0.021724610581074482
88.06277756621672, 0.023120517947674512
93.6495606298474, 0.024605622401273435
98.37311781586328, 0.026187704919580876

